Dynamical matrix file
default                                                                    
  2    3   0   6.3809737   0.0000000   0.0000000   0.0000000   0.0000000   0.0000000
Basis vectors
      0.499999936   -0.866025441    0.000000000
      0.499999936    0.866025441    0.000000000
      0.000000000    0.000000000    2.058102276
           1  'S   '    29220.9024340635     
           2  'Ta  '    164923.903528716     
    1    2      0.0000000000      0.0000000000      1.0290511377
    2    1      0.4999999355     -0.2886757243      0.5744076942
    3    1      0.4999999355      0.2886757243      1.4836945813

     Dynamical  Matrix in cartesian axes

     q = (    0.307692347  -0.088823114   0.000000000 ) 

    1    1
  0.02797220   0.00000000     0.03377363   0.00000072     0.03401709   0.00000040
  0.03377363  -0.00000072     0.05397863   0.00000000    -0.03750583  -0.00000012
  0.03401709  -0.00000040    -0.03750583   0.00000012     0.30393940   0.00000000
    1    2
 -0.01187953   0.01607289     0.01987724   0.02222818     0.09520945   0.07323943
  0.01609054   0.01881526    -0.00956861   0.04394467    -0.01869716  -0.04574733
  0.04840922   0.03901134    -0.00806915  -0.02293311    -0.04879936   0.13260816
    1    3
 -0.01081579   0.01680717    -0.02783232  -0.01070335    -0.10223884  -0.06305057
 -0.02329884  -0.00837337    -0.03769575   0.02452992     0.04940291   0.00125927
 -0.05364267  -0.03143005     0.02430429  -0.00058734    -0.10668943   0.09265185
    2    1
 -0.01187953  -0.01607289     0.01609054  -0.01881526     0.04840922  -0.03901134
  0.01987724  -0.02222818    -0.00956861  -0.04394467    -0.00806915   0.02293311
  0.09520945  -0.07323943    -0.01869716   0.04574733    -0.04879936  -0.13260816
    2    2
  0.17529916   0.00000000    -0.01204160  -0.00160169     0.00288185  -0.01203468
 -0.01204160   0.00160169     0.14160089   0.00000000    -0.00214089   0.00406185
  0.00288185   0.01203468    -0.00214089  -0.00406185     0.23565113   0.00000000
    2    3
  0.01292483  -0.00326450    -0.00216227  -0.01147552     0.00623539  -0.01476116
 -0.00216228  -0.01147552    -0.00857075  -0.01676016     0.00408065   0.00645979
  0.00623593  -0.01476196     0.00408059   0.00646000    -0.01402663  -0.00641736
    3    1
 -0.01081579  -0.01680717    -0.02329884   0.00837337    -0.05364267   0.03143005
 -0.02783232   0.01070335    -0.03769575  -0.02452992     0.02430429   0.00058734
 -0.10223884   0.06305057     0.04940291  -0.00125927    -0.10668943  -0.09265185
    3    2
  0.01292483   0.00326450    -0.00216228   0.01147552     0.00623593   0.01476196
 -0.00216227   0.01147552    -0.00857075   0.01676016     0.00408059  -0.00646000
  0.00623539   0.01476116     0.00408065  -0.00645979    -0.01402663   0.00641736
    3    3
  0.17529896   0.00000000    -0.01204160   0.00160169     0.00288315   0.01203452
 -0.01204160  -0.00160169     0.14160069   0.00000000    -0.00214120  -0.00406176
  0.00288315  -0.01203452    -0.00214120   0.00406176     0.23564624   0.00000000

     Dynamical  Matrix in cartesian axes

     q = (   -0.307692347   0.088823114   0.000000000 ) 

    1    1
  0.02797220   0.00000000     0.03377363  -0.00000072     0.03401709  -0.00000040
  0.03377363   0.00000072     0.05397863   0.00000000    -0.03750583   0.00000012
  0.03401709   0.00000040    -0.03750583  -0.00000012     0.30393940   0.00000000
    1    2
 -0.01187953  -0.01607289     0.01987724  -0.02222818     0.09520945  -0.07323943
  0.01609054  -0.01881526    -0.00956861  -0.04394467    -0.01869716   0.04574733
  0.04840922  -0.03901134    -0.00806915   0.02293311    -0.04879936  -0.13260816
    1    3
 -0.01081579  -0.01680717    -0.02783232   0.01070335    -0.10223884   0.06305057
 -0.02329884   0.00837337    -0.03769575  -0.02452992     0.04940291  -0.00125927
 -0.05364267   0.03143005     0.02430429   0.00058734    -0.10668943  -0.09265185
    2    1
 -0.01187953   0.01607289     0.01609054   0.01881526     0.04840922   0.03901134
  0.01987724   0.02222818    -0.00956861   0.04394467    -0.00806915  -0.02293311
  0.09520945   0.07323943    -0.01869716  -0.04574733    -0.04879936   0.13260816
    2    2
  0.17529916   0.00000000    -0.01204160   0.00160169     0.00288185   0.01203468
 -0.01204160  -0.00160169     0.14160089   0.00000000    -0.00214089  -0.00406185
  0.00288185  -0.01203468    -0.00214089   0.00406185     0.23565113   0.00000000
    2    3
  0.01292483   0.00326450    -0.00216227   0.01147552     0.00623539   0.01476116
 -0.00216228   0.01147552    -0.00857075   0.01676016     0.00408065  -0.00645979
  0.00623593   0.01476196     0.00408059  -0.00646000    -0.01402663   0.00641736
    3    1
 -0.01081579   0.01680717    -0.02329884  -0.00837337    -0.05364267  -0.03143005
 -0.02783232  -0.01070335    -0.03769575   0.02452992     0.02430429  -0.00058734
 -0.10223884  -0.06305057     0.04940291   0.00125927    -0.10668943   0.09265185
    3    2
  0.01292483  -0.00326450    -0.00216228  -0.01147552     0.00623593  -0.01476196
 -0.00216227  -0.01147552    -0.00857075  -0.01676016     0.00408059   0.00646000
  0.00623539  -0.01476116     0.00408065   0.00645979    -0.01402663  -0.00641736
    3    3
  0.17529896   0.00000000    -0.01204160  -0.00160169     0.00288315  -0.01203452
 -0.01204160   0.00160169     0.14160069   0.00000000    -0.00214120   0.00406176
  0.00288315   0.01203452    -0.00214120  -0.00406176     0.23564624   0.00000000

     Diagonalizing the dynamical matrix

     q = (    0.307692347  -0.088823114   0.000000000 ) 

 **************************************************************************
     freq (    1) =      -2.846387 [THz] =     -94.945247 [cm-1]
 ( -0.662130 -0.327878  0.310609  0.153805  0.003326  0.001645 ) 
 ( -0.039865 -0.057692  0.104154  0.037683  0.370997 -0.110198 ) 
 (  0.021790 -0.066660 -0.089112  0.065778 -0.387012  0.000000 ) 
     freq (    2) =       0.936058 [THz] =      31.223534 [cm-1]
 ( -0.135116  0.302129 -0.293247  0.655745  0.040337 -0.090140 ) 
 ( -0.115596 -0.064445 -0.341667 -0.160259  0.139762 -0.053735 ) 
 ( -0.084725  0.101649 -0.261350  0.272248  0.149750  0.000000 ) 
     freq (    3) =       1.362545 [THz] =      45.449601 [cm-1]
 (  0.020420 -0.018537  0.073263 -0.066498  0.457622 -0.415190 ) 
 ( -0.071890  0.318879 -0.002355 -0.075520  0.391939  0.194013 ) 
 (  0.077025 -0.317686 -0.035619  0.066618  0.437341  0.000000 ) 
     freq (    4) =       6.741524 [THz] =     224.873027 [cm-1]
 (  0.027460 -0.048312  0.054828 -0.096460  0.002387 -0.004198 ) 
 ( -0.169790 -0.203997 -0.581101 -0.289534 -0.018030  0.003179 ) 
 ( -0.131774  0.230389 -0.521977  0.386073 -0.018308  0.000000 ) 
     freq (    5) =       7.719069 [THz] =     257.480430 [cm-1]
 ( -0.010955  0.030569  0.002360 -0.006587  0.001794 -0.005007 ) 
 (  0.031157  0.109320 -0.238945  0.654568 -0.026884  0.015394 ) 
 ( -0.027280 -0.110351 -0.532628 -0.449288 -0.030980  0.000000 ) 
     freq (    6) =       8.159323 [THz] =     272.165722 [cm-1]
 (  0.005404 -0.018750 -0.002050  0.007115 -0.038436  0.133381 ) 
 (  0.005485  0.669014 -0.140622 -0.140380  0.044018 -0.033243 ) 
 ( -0.399024 -0.537048 -0.027531  0.196778  0.055160  0.000000 ) 
     freq (    7) =       8.441335 [THz] =     281.572623 [cm-1]
 ( -0.007950  0.008766 -0.001889  0.002082 -0.010462  0.011535 ) 
 (  0.628053  0.234527 -0.131806 -0.162675 -0.077999 -0.021170 ) 
 (  0.667537 -0.061769 -0.169816  0.122459 -0.080835  0.000000 ) 
     freq (    8) =       9.774500 [THz] =     326.042219 [cm-1]
 (  0.006475 -0.021532  0.005659 -0.018757 -0.037826  0.125454 ) 
 (  0.061425 -0.124869 -0.008042  0.051580  0.556091 -0.399393 ) 
 (  0.122749  0.065603 -0.036631 -0.037204  0.684837  0.000000 ) 
     freq (    9) =      10.079862 [THz] =     336.228009 [cm-1]
 ( -0.102499 -0.037865  0.041481  0.015328 -0.073585 -0.027203 ) 
 (  0.033480  0.017940  0.011616 -0.003214 -0.613200  0.335413 ) 
 ( -0.020786  0.031782 -0.011727  0.002766  0.698755  0.000000 ) 
 **************************************************************************
